[gd_scene load_steps=10 format=3 uid="uid://de4xw4gt0dsvs"]

[ext_resource type="PackedScene" uid="uid://by8pqr474iaqj" path="res://scenes/robot/duckie_bot.tscn" id="1_w5h3n"]
[ext_resource type="Environment" uid="uid://xlfv0dsmbfcm" path="res://Environment.tres" id="2_v5i1m"]
[ext_resource type="Texture2D" uid="uid://ctpxnl5i08jgn" path="res://textures/leafy_grass_diff_4k.png" id="3_uvbh3"]
[ext_resource type="Texture2D" uid="uid://dmarl4bfd7bia" path="res://textures/leafy_grass_nor_gl_4k.png" id="4_gi0y1"]
[ext_resource type="PackedScene" uid="uid://3d3mqjeeyhw6" path="res://scenes/robot/IntroductionBase.tscn" id="5_q1r67"]

[sub_resource type="WorldBoundaryShape3D" id="WorldBoundaryShape3D_lqe0e"]

[sub_resource type="StandardMaterial3D" id="StandardMaterial3D_g70oi"]
albedo_color = Color(0.14695662, 0.23146757, 0.031017188, 1)
albedo_texture = ExtResource("3_uvbh3")
normal_enabled = true
normal_texture = ExtResource("4_gi0y1")
uv1_scale = Vector3(60, 60, 60)

[sub_resource type="PlaneMesh" id="PlaneMesh_v2526"]

[sub_resource type="BoxShape3D" id="BoxShape3D_k15ss"]
size = Vector3(2.0014038, 0.01751709, 1.9967651)

[node name="Project" type="Node3D"]

[node name="DuckieBot" parent="." instance=ExtResource("1_w5h3n")]
transform = Transform3D(1, 0, 0, 0, 1, 0, 0, 0, 1, 4.3940525, 0.044506483, 4.8696938)

[node name="TopView" type="Camera3D" parent="DuckieBot"]
transform = Transform3D(1.0000002, 0, 0, 0, 0.760406, 0.64944804, 0, -0.6494482, 0.7604062, 0, 0.549, 0.679)
environment = ExtResource("2_v5i1m")

[node name="Terrain" type="Node3D" parent="."]

[node name="StaticBody3D" type="StaticBody3D" parent="Terrain"]

[node name="CollisionShape3D" type="CollisionShape3D" parent="Terrain/StaticBody3D"]
shape = SubResource("WorldBoundaryShape3D_lqe0e")

[node name="NavigationObstacle3D" type="NavigationObstacle3D" parent="."]

[node name="MeshInstance3D" type="MeshInstance3D" parent="."]
transform = Transform3D(10.057154, 0, 0, 0, 10.057154, 0, 0, 0, 10.057154, 4.9519005, 0, -1.3271989)
material_override = SubResource("StandardMaterial3D_g70oi")
mesh = SubResource("PlaneMesh_v2526")

[node name="StaticBody3D" type="StaticBody3D" parent="MeshInstance3D"]

[node name="CollisionShape3D" type="CollisionShape3D" parent="MeshInstance3D/StaticBody3D"]
transform = Transform3D(1, 0, 0, 0, 1, 0, 0, 0, 1, 0.0021057427, -0.007904088, -0.00582888)
shape = SubResource("BoxShape3D_k15ss")

[node name="DirectionalLight3D" type="DirectionalLight3D" parent="."]
transform = Transform3D(1, 0, 0, 0, 0.0074698986, 0.9999721, 0, -0.9999721, 0.0074698986, -1.0819607, 10.15756, 0)

[node name="DirectionalLight3D2" type="DirectionalLight3D" parent="."]
transform = Transform3D(0.6938119, -0.5147703, 0.5036236, 0.08601526, 0.7535541, 0.6517344, -0.7150011, -0.4088617, 0.5671029, 5.9867754, 0.5320841, 5.418177)
light_color = Color(0.97479993, 0.76028913, 0.58754224, 1)
light_energy = 0.4
shadow_enabled = true

[node name="DirectionalLight3D3" type="DirectionalLight3D" parent="."]
transform = Transform3D(0.29774472, 0.6048205, -0.738607, 0.0860153, 0.753554, 0.65173435, 0.9507626, -0.25758207, 0.17234287, 4.305622, 0.5320841, 5.418177)
visible = false
light_color = Color(0.5755736, 0.85234576, 0.9999997, 1)
light_energy = 0.202
shadow_enabled = true

[node name="KiuPathObj" parent="." instance=ExtResource("5_q1r67")]
transform = Transform3D(1, 0, 0, 0, 1, 0, 0, 0, 1, 4.2620525, 0.010445523, 4.8696938)
